meduza:
2,5,9,13,18,24,31,38,47,57,68,82,98

2 
5 5
9 2*2*2 + 1                  2*2*2 + 1
13 3*2*2 + 1                 2*2*3 + 1
18 3*3*2                     2*3*3
24 4*3*2                     2*3*4
31 5*3*2 +1                  2*3*5 + 1 
38 6*3*2 +2        2*19      3*3*4 + 2        
47 7*3*2 +5        2*23+1    3*3*5 + 2
57 8*3*2 +9                  3*3*6 + 3
68 9*3*2 +14                 3*4*5 + 8      10*6,8
82 10*3*2 + 22               4*4*5 +2       11*7,45
98 11**3*2 + 32              4*4*6 +2       12*8,16

rozdíl: 3,4,4,5,6,7,7,9,10,11,14,16


mamuti:
50, 115, 208, 319,446

ostatni:
500,1150,2077,3185,4460,5909,7549,9413,11543,14002,16870,20254,24294

2,3
1,80608
1,53346  2-3log
1,40031  2-4log
1,32488  0,67512  2-4,75log
1,27754  0,72246    (1,2487pro 5,64  1,244 pro 5,7)
1,2469
1,2263
1,2130
1,2048
1,1995

1xdobyta 1,80608 0,80608
2xdobyta 2,7695  0,7695
3xdobyta 3,8782  0,8782
4x dobyta 5,1382 1,1382
5x dobyta 6,564  1,1564
6x dobyta 8,1852 2,1852
7x dobyta 10,0374 3,0374